saleid|I|C|S|T|Q|P
3506|13517|16566|45|73|19|expensive
78345|10528|4745|20|73|23|supercheap 
79991|6715|707|75|41|34|expensive
90466|6697|8397|83|92|16|outrageous
22332|9639|2435|29|17|31|moderate
95047|11877|2020|44|79|29|supercheap 
48867|12387|15274|98|76|35|supercheap 
22220|10650|5746|57|73|24|outrageous
53696|9958|11849|85|16|9|supercheap 
34328|11376|4042|50|66|44|supercheap 
61356|11001|8397|72|73|32|outrageous
41673|11026|13072|76|73|1|supercheap 
48926|10905|8397|65|73|7|supercheap 
68040|8606|2477|50|73|11|supercheap 
14876|9215|8397|49|71|40|supercheap 
69406|6115|16788|60|73|20|moderate
46341|10445|17854|100|73|45|supercheap 
17846|10923|5746|34|95|29|cheap
67528|7382|8397|40|16|16|moderate
76012|13098|5746|92|78|21|moderate
86835|10653|14308|95|48|43|cheap
51047|9598|7753|2|59|6|supercheap 
96804|11995|5746|49|73|19|cheap
98311|7575|4973|62|95|38|cheap
43843|3681|10729|82|73|40|supercheap 
34150|12333|17880|4|73|42|supercheap 
16476|6592|3441|74|73|27|supercheap 
63161|6582|5746|51|1|26|supercheap 
84697|11352|8099|19|75|29|moderate
33182|6613|16828|26|22|32|supercheap 
28744|9201|5746|20|73|26|supercheap 
16315|10538|8200|68|52|29|supercheap 
53008|6712|3312|79|73|49|supercheap 
32673|13770|5246|63|73|38|supercheap 
43258|6341|16802|38|73|26|supercheap 
8022|8853|8397|40|91|48|supercheap 
91641|10161|8397|86|73|20|supercheap 
99548|13063|17176|75|73|30|supercheap 
82679|11478|8397|19|73|36|cheap
81456|11280|18615|59|73|16|cheap
28270|8299|65|59|31|48|supercheap 
29218|10394|4111|56|32|6|supercheap 
58702|8587|8397|10|73|19|moderate
87920|9368|9374|88|73|17|cheap
38307|8466|14689|14|73|4|outrageous
92962|7730|12465|78|34|50|supercheap 
33247|7218|5746|25|73|45|supercheap 
17942|11876|13955|90|48|49|cheap
63730|8682|19548|73|22|2|supercheap 
83906|8354|17376|41|73|3|supercheap 
33512|12204|4061|16|89|26|supercheap 
61913|10752|6885|2|73|2|supercheap 
30864|9393|5388|56|89|49|supercheap 
90527|7666|8397|72|73|30|supercheap 
79096|10304|2504|87|73|45|supercheap 
5609|11688|5746|47|1|42|cheap
60610|8310|12136|29|16|7|supercheap 
21054|11309|8397|97|73|6|supercheap 
2433|8013|19557|18|73|22|supercheap 
17477|12862|5901|91|73|45|supercheap 
55631|10379|13613|45|95|1|expensive
26009|8262|4631|45|73|32|supercheap 
9488|11926|8397|26|16|14|supercheap 
79057|11428|5925|76|98|15|supercheap 
81674|9212|8397|17|85|44|moderate
8639|11536|12023|64|73|25|supercheap 
56036|10651|11060|99|73|46|moderate
52362|8611|16973|32|66|46|supercheap 
17407|9419|14376|39|46|20|supercheap 
54437|6699|8397|89|73|4|supercheap 
41686|12066|2185|85|73|24|supercheap 
52447|6260|8397|28|16|11|supercheap 
50032|11031|6695|2|17|32|supercheap 
50540|12663|5676|42|16|39|supercheap 
37059|12957|16946|91|35|27|expensive
16651|11684|4288|42|100|36|supercheap 
72963|11222|6202|31|73|27|supercheap 
33041|9211|1760|43|73|24|supercheap 
26796|11409|17805|96|73|23|moderate
97952|10856|5696|76|66|1|supercheap 
17823|10969|19260|89|73|44|supercheap 
59016|8772|8397|18|73|4|moderate
88100|11332|2674|23|73|39|cheap
4980|11559|6662|100|94|24|cheap
39494|9536|10729|36|95|44|cheap
22966|8938|8397|91|37|9|outrageous
12858|11202|5746|85|73|20|supercheap 
74671|9610|16868|28|97|22|supercheap 
52702|1819|9716|30|73|50|supercheap 
52815|4387|8397|26|43|17|supercheap 
85674|10232|16946|21|50|8|supercheap 
96594|10168|18351|26|92|19|supercheap 
50730|6011|5246|37|73|9|supercheap 
60495|10151|3503|97|48|49|outrageous
27825|6313|5746|45|16|12|supercheap 
93926|7819|17154|81|18|27|cheap
67868|13592|17840|32|16|8|supercheap 
17099|6434|19889|47|73|41|cheap
39055|7284|12983|19|73|27|supercheap 
70275|7186|4578|58|14|33|cheap
78117|8768|5246|54|79|13|supercheap 
63851|7530|15710|6|55|47|supercheap 
71601|9492|18395|95|73|48|cheap
45936|8829|17162|24|73|31|supercheap 
16464|12628|11742|15|19|42|supercheap 
57517|10026|13709|80|84|12|supercheap 
75088|9552|5243|14|79|15|outrageous
79813|11874|8397|79|28|41|expensive
93726|8316|625|66|73|36|supercheap 
71536|6996|19739|68|95|16|supercheap 
3598|10951|6169|17|70|9|supercheap 
8805|11502|14837|90|73|14|supercheap 
82506|11450|25|33|93|17|supercheap 
72791|10958|4973|36|16|24|supercheap 
19469|12355|12305|61|73|6|supercheap 
76918|11586|5936|76|99|9|supercheap 
82169|10279|19444|31|73|32|supercheap 
2319|9795|19809|28|48|46|supercheap 
65023|7343|3614|98|73|15|supercheap 
50070|13975|2504|12|73|5|supercheap 
58233|1874|10702|42|73|29|supercheap 
87789|10947|5746|15|93|34|expensive
11451|9399|10171|21|29|45|expensive
92639|3910|13259|58|16|23|supercheap 
3499|11104|5696|83|96|26|outrageous
92940|13947|18145|38|29|35|supercheap 
40231|8456|19445|72|73|27|expensive
90750|8988|5318|65|79|17|cheap
89505|8103|3910|49|30|15|supercheap 
50411|11101|5746|57|70|17|moderate
63741|7379|5676|4|48|2|supercheap 
49320|12223|8397|96|95|41|moderate
10938|11866|6435|84|1|36|supercheap 
7703|11551|19360|18|73|13|supercheap 
2197|9772|9768|98|31|4|expensive
51950|11875|2470|45|73|16|supercheap 
38607|9371|8397|89|73|3|cheap
29713|9022|5595|82|27|12|moderate
98055|10630|8397|41|73|30|supercheap 
78743|10283|18400|81|16|28|supercheap 
43895|10657|5746|11|73|43|cheap
7358|7724|8397|47|73|5|supercheap 
14184|17276|6507|60|1|47|cheap
31750|9596|2557|2|50|37|supercheap 
50469|10146|14422|5|73|33|supercheap 
68279|10964|663|44|73|43|supercheap 
41074|13908|10987|49|73|5|supercheap 
24832|10011|12434|93|73|4|supercheap 
51100|8092|466|75|73|49|supercheap 
48791|11577|15297|76|70|30|supercheap 
12390|9017|11724|61|73|40|cheap
59319|8197|9474|85|73|19|outrageous
61072|9720|13766|64|79|6|cheap
86686|8933|5746|89|73|5|supercheap 
52967|11123|14150|79|73|1|cheap
23808|11363|4973|61|95|20|cheap
22291|6735|17325|74|73|16|cheap
19286|13241|4922|11|23|32|supercheap 
95892|8569|8537|30|73|45|expensive
65928|11058|8397|33|73|6|moderate
20587|12698|8397|14|42|43|supercheap 
58541|8123|5746|1|72|48|supercheap 
7001|9476|2826|9|82|15|supercheap 
60795|12649|8397|35|24|19|supercheap 
43022|9112|7163|42|73|36|supercheap 
6727|5300|8397|90|97|38|moderate
33311|8056|2663|47|73|7|cheap
14219|7335|10702|2|73|49|supercheap 
38028|8752|65|28|73|41|supercheap 
78957|17558|8397|71|73|28|supercheap 
48177|8423|16851|58|73|28|supercheap 
9991|10441|17669|36|73|5|supercheap 
98472|12371|3562|29|73|2|cheap
59693|19945|5890|50|73|33|supercheap 
1017|14739|8397|89|73|12|expensive
80579|13781|8397|65|73|17|supercheap 
39026|11429|8397|85|73|8|supercheap 
47340|10026|2877|71|73|29|moderate
50146|10500|9041|35|73|35|cheap
54637|8553|2920|27|16|10|supercheap 
9363|8112|8835|60|73|3|supercheap 
77948|10115|8397|29|73|48|supercheap 
89682|9289|16868|85|63|35|expensive
16407|9756|11419|64|73|32|cheap
75070|6887|9811|1|73|20|supercheap 
3608|8444|15818|81|73|39|supercheap 
29075|4499|8397|28|69|49|cheap
81616|8894|16715|27|17|33|supercheap 
28711|13680|2481|63|56|33|supercheap 
96925|8802|4973|12|73|47|supercheap 
75550|9563|8397|20|97|6|cheap
68472|6691|5696|93|73|3|supercheap 
34962|8174|9982|9|73|11|moderate
40571|6078|13072|43|66|11|supercheap 
28941|11522|19305|94|73|44|cheap
72366|11837|8397|22|73|16|supercheap 
3925|9336|5696|14|73|41|supercheap 
5546|12988|9991|35|50|23|supercheap 
49267|7437|16868|91|31|5|moderate
77683|8845|16589|64|73|10|supercheap 
48959|9511|8397|71|73|38|cheap
64169|10673|4973|38|73|34|supercheap 
42690|10382|19719|63|92|32|cheap
48927|13014|12401|62|73|38|supercheap 
83766|11964|14142|20|95|47|supercheap 
62325|12866|5746|11|73|15|cheap
1279|9399|19644|90|67|7|expensive
73294|6884|11673|31|32|13|supercheap 
75375|13303|9218|51|16|25|moderate
60348|9820|17206|37|73|4|cheap
20478|12743|2852|25|1|21|outrageous
29388|9654|8397|97|80|6|cheap
79049|12368|4288|58|73|47|supercheap 
5349|11058|8397|43|73|49|outrageous
76432|10372|2481|56|73|6|supercheap 
70177|11852|15671|90|73|14|cheap
94792|8494|2084|93|73|32|supercheap 
57689|9416|5361|82|73|42|supercheap 
50020|9890|8397|90|73|21|supercheap 
15633|6368|8397|19|73|31|supercheap 
25303|8733|4034|13|73|19|supercheap 
18007|9032|8397|3|23|33|cheap
40885|10821|5696|75|47|20|moderate
94450|7718|8397|12|73|18|supercheap 
67194|11607|16868|25|73|40|supercheap 
87644|11566|553|28|94|32|expensive
80497|8224|14190|95|43|48|outrageous
1530|11337|18299|91|52|26|expensive
87492|6287|5746|39|29|10|supercheap 
65832|7631|6385|39|73|2|supercheap 
40967|11214|8397|45|73|5|supercheap 
69056|15750|8397|43|73|32|expensive
31398|5051|8397|61|92|24|supercheap 
17513|9231|1552|36|46|7|supercheap 
4426|9170|5746|5|63|11|moderate
85125|9064|15871|21|37|21|supercheap 
16702|12626|8397|67|85|34|supercheap 
69207|9788|4106|62|69|41|cheap
81977|13044|8397|94|97|22|expensive
47073|8172|14032|15|73|44|outrageous
93239|11301|12073|44|88|29|supercheap 
63276|7081|9289|46|95|13|supercheap 
61635|11626|6602|8|73|1|supercheap 
27657|11898|8397|65|73|40|supercheap 
81481|13310|17162|65|73|19|supercheap 
15583|9358|8397|19|73|6|outrageous
73388|10565|4973|1|73|9|cheap
43626|9469|6714|60|73|9|supercheap 
12021|6429|3333|5|73|11|expensive
60571|8520|8397|100|73|34|supercheap 
29561|8193|5099|95|73|3|supercheap 
97170|9120|18432|97|95|36|supercheap 
72230|8360|17989|2|48|44|supercheap 
35256|8345|16868|12|73|15|cheap
39868|6741|3769|48|73|27|supercheap 
70012|11183|3081|21|73|2|supercheap 
16224|9639|17162|35|85|10|cheap
32910|13729|6680|65|73|47|supercheap 
50483|8486|8397|28|93|46|moderate
24307|9959|16719|94|73|7|supercheap 
61504|7718|8397|76|41|45|supercheap 
20738|9380|9768|93|81|35|supercheap 
34493|7271|5696|69|73|2|supercheap 
28267|8013|11061|97|73|39|supercheap 
10445|19135|8397|88|73|43|expensive
65847|11122|8777|16|73|39|supercheap 
20253|11404|8397|13|41|14|supercheap 
1360|4337|8397|75|9|35|supercheap 
15711|11303|12755|72|79|11|supercheap 
60236|13333|8397|10|73|49|supercheap 
95102|9288|10688|60|73|41|supercheap 
91375|8049|5746|26|2|35|supercheap 
28848|9412|7704|87|73|40|supercheap 
68417|7105|5746|98|73|8|supercheap 
72633|9696|11485|97|73|13|supercheap 
90082|11172|3777|65|57|47|outrageous
80699|11734|8397|17|73|1|cheap
15807|8785|3523|34|61|43|supercheap 
49223|10952|16946|18|13|14|outrageous
21007|10252|4578|17|73|37|supercheap 
34118|9109|5590|2|73|23|expensive
66609|9206|16027|55|73|37|moderate
29481|9567|18586|78|73|26|supercheap 
33319|7147|19083|72|95|15|supercheap 
71496|10682|5746|8|48|27|supercheap 
95567|9149|7013|62|73|30|supercheap 
66266|11738|10971|90|8|9|expensive
3125|11255|9526|24|73|11|supercheap 
65136|12173|7809|28|48|4|supercheap 
55282|8560|3868|1|70|15|cheap
48593|6446|10601|97|73|32|supercheap 
21086|6574|13067|24|73|7|moderate
89465|7033|17878|72|73|29|cheap
16842|10671|13227|62|79|1|outrageous
50254|8374|8397|14|95|4|supercheap 
629|9494|614|44|73|25|moderate
1924|6295|16868|29|73|24|supercheap 
26809|13922|10185|17|73|3|moderate
43061|8915|8397|37|69|50|supercheap 
35279|8642|6202|89|43|44|supercheap 
37369|10721|8397|72|73|44|moderate
25406|10889|8397|6|73|35|outrageous
45522|11153|16765|32|73|27|supercheap 
46498|8462|797|39|73|49|supercheap 
53825|9587|5353|42|96|9|cheap
14200|11954|8397|64|73|33|supercheap 
72111|9117|12794|37|73|32|supercheap 
54475|11676|18135|57|73|1|supercheap 
94357|8340|8340|100|73|23|expensive
45446|11910|17798|97|43|42|cheap
3116|12011|15646|3|73|26|cheap
28615|13074|5806|96|73|15|moderate
52434|7334|14381|32|73|34|supercheap 
49209|11197|4288|27|36|14|moderate
36846|11763|8397|80|95|6|expensive
95664|7752|16868|60|95|12|moderate
79764|8147|5746|63|82|28|cheap
65447|13892|8397|22|73|8|cheap
96850|10403|19850|42|73|27|moderate
92911|11253|19801|52|73|50|moderate
61678|13602|16719|80|16|46|cheap
35160|9532|16868|36|33|41|supercheap 
84641|6646|8397|52|73|42|supercheap 
46525|9088|8397|80|50|27|expensive
78266|10138|1641|17|73|2|supercheap 
48311|12747|8397|8|73|4|cheap
98135|7366|16509|75|55|8|supercheap 
65580|11414|8397|77|13|35|supercheap 
7095|9698|5746|74|73|12|supercheap 
93425|11492|3160|26|73|26|supercheap 
12179|8866|8397|58|73|28|supercheap 
5378|12069|14167|13|16|33|moderate
88467|11546|2568|71|95|35|supercheap 
1847|8803|8397|80|73|40|expensive
38491|8180|16868|74|65|4|outrageous
60579|10844|17942|57|73|37|outrageous
25386|11550|5746|97|73|9|supercheap 
47488|11675|13278|31|37|15|supercheap 
59577|9217|8397|56|73|40|cheap
92674|7691|8397|54|61|48|cheap
99360|10092|9144|87|48|41|cheap
84194|11019|8397|57|3|3|supercheap 
8700|10633|8397|64|16|49|supercheap 
79336|8229|19519|24|73|1|supercheap 
35607|13970|4578|18|73|48|supercheap 
45116|10140|17880|81|73|19|supercheap 
96632|9718|3211|45|73|8|supercheap 
5616|9471|2745|98|85|30|supercheap 
17717|9145|8397|82|73|46|outrageous
56266|11764|2707|91|73|32|cheap
72578|11197|8826|30|92|43|supercheap 
95248|8132|19512|25|73|43|supercheap 
40294|11036|17600|7|92|44|supercheap 
79228|11452|16532|79|11|42|expensive
78244|9909|2246|41|73|38|supercheap 
75669|9780|8397|13|73|36|moderate
27404|11517|8397|58|95|4|cheap
47750|8232|668|79|60|6|supercheap 
82564|13165|8397|37|95|15|supercheap 
73582|11045|5696|54|87|11|expensive
41592|8483|16675|49|93|38|supercheap 
82037|7626|8397|94|16|32|supercheap 
73785|11031|14362|50|92|45|cheap
78844|10269|8397|31|15|9|moderate
96211|11142|15075|73|16|49|cheap
82095|7395|16719|39|54|30|expensive
94481|11281|10500|28|70|33|cheap
85823|10582|11359|1|73|28|expensive
20064|10926|19305|13|73|5|supercheap 
3874|6591|16868|49|36|30|outrageous
24516|10763|8397|68|79|9|moderate
84205|9332|19183|8|73|24|supercheap 
99171|7957|3655|78|73|28|supercheap 
94017|10247|8397|94|73|47|cheap
28123|11402|1093|22|61|42|cheap
6753|10632|5676|23|70|47|supercheap 
86559|10905|19928|43|41|39|expensive
63873|10954|16868|12|73|1|supercheap 
57081|7801|1530|46|92|13|outrageous
61744|10138|8397|10|63|6|supercheap 
98044|10457|8397|72|73|32|cheap
97804|8711|19614|80|16|6|expensive
63973|9473|2490|60|29|37|moderate
80274|8595|15553|69|40|10|outrageous
81437|6351|9991|28|73|14|cheap
85408|13873|9967|72|95|15|moderate
73752|9200|8621|26|92|39|supercheap 
3583|9274|388|88|73|23|supercheap 
79351|11739|9991|27|73|32|expensive
24682|11616|8397|55|73|49|supercheap 
27359|10685|8397|86|92|50|supercheap 
77247|13531|8397|62|8|13|expensive
77316|9290|8492|69|92|29|supercheap 
90849|11502|13870|14|31|49|cheap
2696|9867|13801|43|31|27|expensive
5057|11678|8397|25|73|4|supercheap 
40632|11984|8397|48|35|33|supercheap 
74474|9791|8397|71|16|28|supercheap 
18952|8184|16719|22|100|3|supercheap 
63075|10857|17517|15|73|46|supercheap 
1244|6384|8397|39|73|44|supercheap 
65173|10010|9121|10|73|31|cheap
20819|9154|596|17|93|38|moderate
2795|12413|13562|62|73|7|outrageous
70623|7585|16282|66|61|15|cheap
24201|8416|6707|75|73|9|supercheap 
24522|10901|17605|33|73|13|supercheap 
98507|7538|1887|23|73|36|cheap
12397|11911|5696|25|73|29|moderate
26837|13074|8397|78|73|27|moderate
31695|11527|8397|92|42|10|supercheap 
85282|9701|4449|31|73|49|supercheap 
22569|8659|14329|15|60|19|outrageous
14254|8451|17880|57|73|2|supercheap 
33648|13288|10897|89|85|35|cheap
48194|12249|8397|66|84|22|moderate
70209|11373|5746|99|73|18|supercheap 
68758|13527|8397|62|73|41|expensive
90379|13354|10540|3|73|5|expensive
94700|13500|9244|13|73|35|outrageous
43981|8697|8397|35|73|30|supercheap 
34292|7130|10312|69|73|18|moderate
60803|13453|17430|83|73|10|supercheap 
72575|6933|12465|49|73|1|supercheap 
44316|8829|5696|35|28|8|supercheap 
31879|6270|7341|54|46|30|supercheap 
84854|13338|2733|93|1|40|supercheap 
15391|8485|10398|37|73|29|cheap
85670|8243|8397|64|95|4|supercheap 
48810|10760|8397|84|73|27|cheap
71143|11696|108|85|73|36|supercheap 
41835|8482|11419|77|73|7|outrageous
67259|11692|11828|94|95|16|supercheap 
51840|6260|5196|28|94|9|supercheap 
44412|13797|12351|30|73|39|supercheap 
42177|9210|5746|92|73|28|cheap
25640|11751|8397|50|38|3|supercheap 
68741|10005|18335|91|73|42|supercheap 
40378|9944|12709|14|73|46|supercheap 
71539|10553|19559|48|73|46|supercheap 
89992|12832|15426|38|95|27|moderate
84076|9568|10381|7|73|16|supercheap 
89455|11506|6397|80|57|9|supercheap 
58628|9435|8362|22|73|49|cheap
55080|17514|8522|88|78|13|cheap
35605|11488|17176|91|95|12|supercheap 
10945|12086|5696|68|88|39|cheap
92528|9508|8397|79|2|3|supercheap 
95855|8490|8802|75|57|24|supercheap 
15562|10914|5195|7|13|24|supercheap 
89321|18026|19523|84|73|23|supercheap 
21394|8811|8397|8|73|15|supercheap 
67579|11360|7475|91|73|29|cheap
35443|11579|7472|41|26|49|expensive
67841|11537|8397|51|61|31|supercheap 
47821|12702|15183|51|73|44|supercheap 
36048|6200|13929|50|73|45|outrageous
40662|8415|4302|18|73|33|supercheap 
28100|13719|19236|14|23|10|supercheap 
59455|12664|13381|94|97|12|supercheap 
93960|8847|3296|50|16|23|supercheap 
16510|12106|14609|70|75|24|moderate
57961|11603|17176|74|73|2|supercheap 
10370|8460|12113|16|73|13|supercheap 
95426|7292|8397|41|73|7|cheap
89694|8510|14405|3|8|30|moderate
14203|8426|16946|61|73|17|supercheap 
21197|13062|8397|38|73|1|supercheap 
69651|8220|5936|33|97|21|supercheap 
91796|11511|2043|80|16|30|outrageous
66769|6886|2895|44|73|34|supercheap 
84805|7567|230|36|1|38|supercheap 
95001|11598|5534|100|19|4|supercheap 
87191|11609|15149|99|61|5|supercheap 
15809|6101|5212|29|73|8|supercheap 
19741|5698|8397|38|73|14|moderate
7383|10678|39|99|73|9|moderate
83558|11915|16802|13|96|14|supercheap 
95255|9319|17376|91|73|40|outrageous
53490|7867|2481|4|73|6|supercheap 
29617|10933|5746|51|73|50|supercheap 
80205|10539|10548|2|95|2|supercheap 
74755|10963|15124|40|73|30|supercheap 
11666|8324|7222|79|73|47|supercheap 
30300|7452|17957|36|16|8|supercheap 
8537|11765|8397|85|73|4|supercheap 
41024|8513|5696|97|73|8|supercheap 
2562|6086|13331|17|73|37|supercheap 
31469|13171|5056|40|73|7|cheap
42053|13995|19916|16|73|19|supercheap 
71561|6922|2481|45|73|14|supercheap 
1906|6555|9867|99|10|40|moderate
44664|10202|7100|17|73|5|supercheap 
41903|7854|16350|67|73|49|supercheap 
28147|11600|5746|80|73|10|supercheap 
85359|10971|7489|49|73|17|supercheap 
8812|10645|3880|40|73|10|supercheap 
87822|10029|1833|59|73|34|supercheap 
45382|11507|8397|25|73|12|cheap
14069|8482|18415|44|32|44|cheap
27772|11358|4973|91|2|23|supercheap 
15770|9107|8397|11|73|5|cheap
97721|11595|8397|3|10|33|expensive
84940|11267|3778|23|16|20|moderate
17876|11967|5746|44|73|29|supercheap 
32651|11827|6731|52|73|40|cheap
56780|11130|1069|56|35|47|supercheap 
95831|9337|4113|16|95|30|supercheap 
62408|8896|206|76|73|9|cheap
65135|8972|17421|98|73|46|cheap
90203|10926|7590|89|61|18|outrageous
22060|10742|5746|90|4|11|supercheap 
49812|13627|12870|30|19|38|supercheap 
74307|11150|4354|49|59|38|supercheap 
15897|9653|5912|68|73|37|supercheap 
99124|9643|11940|49|73|49|supercheap 
75852|15657|8397|71|73|50|cheap
64796|11705|1561|96|73|31|moderate
43916|6980|17940|83|73|5|expensive
5157|10782|8397|74|73|9|supercheap 
75774|9271|8397|30|92|15|expensive
2160|8592|13118|74|95|24|expensive
13789|13600|11419|80|19|7|supercheap 
41549|9253|5696|92|73|47|supercheap 
8391|3176|8397|3|70|40|moderate
95225|10676|5746|30|73|31|supercheap 
94813|13902|8397|44|73|46|supercheap 
11442|11942|5246|43|73|45|supercheap 
97734|9772|15715|11|16|18|supercheap 
57192|8494|7572|83|98|38|supercheap 
64667|10976|6202|26|73|31|supercheap 
71774|10907|13317|76|76|45|supercheap 
73078|9044|8397|21|48|8|supercheap 
3257|9442|16633|20|73|26|cheap
57658|8555|3822|96|73|44|supercheap 
14556|10978|4288|5|73|31|supercheap 
90886|8354|18262|24|73|13|supercheap 
53844|11248|6169|95|65|25|supercheap 
44108|11642|5291|8|50|3|moderate
94840|10856|7190|96|95|36|supercheap 
40719|6628|16687|98|73|3|supercheap 
93191|6884|13016|6|73|35|cheap
66513|13076|8397|21|53|6|supercheap 
90793|9656|8397|8|63|37|cheap
14467|6722|388|18|73|8|supercheap 
12632|9061|16973|80|95|27|supercheap 
7996|12337|230|33|73|15|supercheap 
28660|11275|8397|92|16|4|supercheap 
83938|6272|3444|57|27|17|cheap
29228|8334|8939|32|60|25|supercheap 
22245|11661|15676|35|73|50|outrageous
72686|12857|8397|81|95|7|cheap
82899|10763|5746|9|73|50|outrageous
40475|8916|8397|59|73|46|supercheap 
25355|11785|4505|30|82|16|supercheap 
39078|11443|5746|10|73|27|expensive
48226|8387|6286|95|73|49|moderate
88276|11441|16719|53|73|14|supercheap 
82348|7147|3412|65|73|18|supercheap 
8015|6398|2766|95|73|36|cheap
20899|6029|8397|11|4|40|cheap
6248|11681|16594|63|73|50|outrageous
51867|9954|7969|21|73|22|cheap
5165|10233|18925|24|73|47|cheap
60153|11552|8109|18|73|42|supercheap 
18052|9280|5310|12|47|26|cheap
25447|3080|8397|89|34|24|expensive
91077|11254|7072|63|90|50|supercheap 
77269|9766|11919|37|96|35|supercheap 
67652|9764|7562|29|88|12|supercheap 
66713|6496|2144|30|92|40|supercheap 
855|6016|14782|75|95|36|supercheap 
61831|9789|3197|2|50|2|cheap
98959|8919|2467|1|73|45|expensive
63682|9760|5806|77|92|31|expensive
36193|13799|12131|22|73|25|supercheap 
5505|6926|11821|56|73|8|cheap
5513|14587|15486|47|79|5|supercheap 
88765|2941|10702|4|74|11|expensive
88737|10172|8397|16|82|4|expensive
67599|6844|8397|7|92|40|moderate
10025|11551|18630|64|73|36|cheap
3182|11884|14222|69|73|9|supercheap 
10487|6002|16868|25|73|36|supercheap 
12371|6296|2918|12|73|13|cheap
51129|11295|4889|18|22|25|supercheap 
44542|8942|5746|16|73|42|expensive
57837|7111|8397|5|34|40|moderate
5588|8098|13365|81|73|1|supercheap 
72729|10533|8397|16|70|45|supercheap 
96657|6243|8397|51|73|28|cheap
58773|10772|2354|11|73|22|supercheap 
97053|11601|5361|8|73|43|supercheap 
48305|8177|13155|42|73|30|supercheap 
32998|8736|8397|36|73|15|expensive
75587|8534|5746|100|68|31|supercheap 
3580|11319|10756|78|73|24|supercheap 
45002|12510|10455|80|53|30|cheap
41542|12057|7066|28|79|30|cheap
40185|13691|8397|43|73|9|supercheap 
96711|9216|8397|36|73|32|cheap
8923|11690|14643|53|73|33|cheap
52828|8831|328|10|73|30|moderate
19724|13810|319|45|98|46|cheap
49839|9492|8397|100|16|27|cheap
9060|11908|14837|48|73|12|cheap
99400|13202|2227|66|64|38|supercheap 
7637|9558|17880|82|92|38|supercheap 
77169|9885|19841|5|73|35|supercheap 
88565|10784|11245|23|12|26|supercheap 
8256|8369|4123|85|22|27|moderate
9917|9611|3109|13|73|39|supercheap 
1135|9994|16614|80|6|22|supercheap 
52461|17895|10414|36|48|23|expensive
80461|10599|8397|29|48|38|supercheap 
49057|6995|8397|1|73|31|supercheap 
79941|10036|10471|48|73|11|cheap
46451|12260|1889|50|73|17|supercheap 
95006|10350|11984|56|73|41|supercheap 
43460|7201|4473|19|73|22|supercheap 
27719|10894|1679|2|73|47|cheap
36281|14919|2193|2|55|19|supercheap 
53244|12413|5912|38|5|16|supercheap 
85911|9566|3752|56|73|14|supercheap 
71245|9542|16802|90|73|28|supercheap 
38937|13762|5696|12|43|26|outrageous
84867|8075|14393|72|22|48|supercheap 
76345|12131|16719|19|73|40|supercheap 
79434|11078|8397|2|73|39|outrageous
13854|4207|10593|4|32|36|supercheap 
73308|6484|12943|80|95|2|cheap
75885|10213|6169|43|92|3|cheap
63348|9838|19976|33|73|34|moderate
315|11782|5696|78|73|17|cheap
31483|11414|5284|75|79|3|supercheap 
38963|11688|1639|67|73|33|cheap
87764|10344|9477|44|1|43|supercheap 
30527|12629|17921|90|92|34|supercheap 
27623|10476|15847|21|92|14|supercheap 
71893|10632|17335|8|50|5|cheap
26377|6755|1821|47|70|11|supercheap 
6083|8628|19565|66|73|1|supercheap 
10233|8816|8397|45|73|47|supercheap 
17354|10574|17880|87|18|45|moderate
90381|10047|15489|59|16|33|supercheap 
89210|1120|5746|14|79|46|cheap
38475|11978|17669|88|73|13|supercheap 
91374|13251|18857|74|43|14|supercheap 
96425|11933|8397|55|50|48|supercheap 
28438|8926|2877|9|65|18|supercheap 
16064|8086|5746|21|100|18|supercheap 
85511|9045|19305|71|73|38|expensive
20173|10197|1959|89|73|49|outrageous
50490|15383|7333|95|48|3|moderate
62929|11964|5746|75|92|37|supercheap 
29689|10129|4123|9|95|33|supercheap 
42231|8196|18253|100|73|43|supercheap 
52570|7669|8397|4|16|45|cheap
57905|10185|5696|16|73|40|supercheap 
54300|10315|8397|37|73|17|cheap
92461|9133|8355|40|95|50|supercheap 
3761|10346|8397|96|91|31|supercheap 
89571|9101|19445|4|73|50|supercheap 
17761|11934|1398|44|1|8|supercheap 
20072|11415|8855|97|77|21|supercheap 
58357|8598|11837|39|88|11|cheap
20855|8590|8397|56|73|23|supercheap 
21872|10249|14008|30|92|42|supercheap 
22008|7032|786|29|73|47|cheap
60521|11970|15941|74|73|23|outrageous
54367|1409|9768|84|29|12|supercheap 
42796|7076|17805|20|73|40|supercheap 
48681|10507|8397|14|28|43|supercheap 
94722|11533|14837|13|92|23|supercheap 
27308|10117|7983|65|73|48|supercheap 
89191|12412|9444|6|73|46|supercheap 
27577|10423|6762|13|76|8|supercheap 
63865|12157|8397|76|14|38|supercheap 
74496|11792|10789|58|48|17|supercheap 
21319|13075|2587|14|95|3|supercheap 
6200|13310|6885|57|53|1|supercheap 
12962|9391|8397|38|73|8|supercheap 
18607|13164|1813|32|73|34|supercheap 
95568|10543|4973|35|73|16|expensive
16670|10668|8397|87|3|37|supercheap 
96302|9929|17989|45|73|36|supercheap 
18137|9741|5061|15|73|18|outrageous
60094|9668|5746|45|73|41|supercheap 
69172|9871|19842|9|73|44|moderate
49962|8008|18906|7|73|12|supercheap 
89115|6240|3369|96|92|45|supercheap 
79323|13273|13413|41|6|8|moderate
31165|11581|5746|52|73|12|supercheap 
20640|10086|8397|43|16|19|supercheap 
94720|7304|14783|84|73|38|supercheap 
37843|9900|1343|30|73|31|supercheap 
97801|8300|8424|72|73|5|supercheap 
985|12008|5746|17|73|35|supercheap 
16878|12745|17992|74|33|11|cheap
38583|9485|14946|90|33|43|supercheap 
9438|8394|8397|30|73|24|supercheap 
89408|16978|17880|24|75|31|supercheap 
12122|11381|8397|82|73|43|supercheap 
50634|8029|244|80|97|49|outrageous
33467|9457|2151|54|76|44|supercheap 
72602|10281|11810|45|92|13|supercheap 
58444|10649|6993|95|73|43|supercheap 
83881|9518|9478|59|73|17|moderate
97233|8503|9768|8|13|29|expensive
77027|8185|4973|29|95|19|supercheap 
58458|9739|997|23|73|3|supercheap 
3985|11847|16404|46|82|46|supercheap 
67717|6479|16897|7|27|17|supercheap 
81564|9843|10264|80|43|22|supercheap 
15748|9779|8397|79|55|31|outrageous
10554|13075|4973|53|8|36|cheap
10035|12055|5696|36|73|26|cheap
9960|8162|9106|50|84|25|moderate
55456|9475|8397|77|73|25|supercheap 
6379|11259|4450|54|73|19|supercheap 
72049|10780|8397|90|73|45|supercheap 
85388|12849|7217|40|20|8|cheap
35052|12007|10098|47|30|14|moderate
93963|10835|8397|31|73|42|supercheap 
30180|9129|19445|53|73|27|supercheap 
76757|6111|7462|92|73|26|supercheap 
25087|10680|8397|53|52|3|expensive
9291|13075|8397|58|92|9|supercheap 
15342|14074|8397|22|73|50|supercheap 
32365|13228|172|5|73|24|cheap
72651|10546|16509|2|73|6|cheap
78697|10259|19890|83|55|33|supercheap 
28869|13543|8397|13|97|35|supercheap 
5925|7285|8397|85|31|50|outrageous
19427|6598|16868|80|63|31|supercheap 
67490|11686|3948|18|95|4|outrageous
67017|11915|1552|61|20|16|supercheap 
49392|9309|5746|13|36|41|supercheap 
39307|6955|8397|84|1|39|moderate
82631|8637|14077|9|27|6|expensive
93782|7444|10051|51|73|19|supercheap 
80339|12735|17853|98|73|23|cheap
62360|4212|3897|75|73|26|moderate
14477|11573|18415|69|63|46|supercheap 
86334|10913|12709|24|34|38|cheap
35527|7334|8397|48|2|5|supercheap 
86867|7660|7036|76|33|15|supercheap 
28106|9973|2481|55|73|48|supercheap 
31104|10129|16891|29|35|27|cheap
77641|11831|15167|19|73|30|supercheap 
18487|10224|19445|38|73|26|cheap
40161|8917|18491|93|73|50|cheap
80116|8296|8397|50|73|24|supercheap 
94985|8857|8397|35|47|43|supercheap 
17296|8965|17880|42|73|26|cheap
48934|8602|8397|21|73|49|expensive
35764|11743|3881|98|73|17|supercheap 
69327|12627|9589|59|73|41|outrageous
2694|11465|18028|60|91|7|supercheap 
38778|12945|14639|31|73|39|expensive
46007|10399|11961|8|73|12|supercheap 
69267|11858|13397|2|73|38|supercheap 
57013|11017|8397|89|73|18|supercheap 
34101|6411|15901|41|19|37|supercheap 
3286|10413|13757|18|41|15|supercheap 
37859|5880|8397|50|63|23|cheap
97758|13148|5746|98|4|45|outrageous
55466|11645|17176|59|34|41|cheap
63665|8282|5746|53|73|36|supercheap 
54781|15767|11036|24|50|28|cheap
33178|12723|8397|72|56|33|moderate
13634|8128|6246|12|73|21|supercheap 
48072|6628|5936|61|79|32|supercheap 
24139|10013|493|25|10|7|supercheap 
80367|8989|8397|16|73|49|supercheap 
99982|11479|2189|81|73|16|supercheap 
65649|11198|16287|50|73|8|supercheap 
58049|12351|19426|12|73|42|supercheap 
75930|8376|11569|52|73|44|supercheap 
9109|8060|8660|56|73|15|cheap
54606|13659|15573|56|73|32|supercheap 
13053|11400|5746|46|35|43|supercheap 
41228|5162|10584|27|89|10|cheap
20663|10784|8842|75|92|38|outrageous
71723|10272|8397|68|92|40|outrageous
50097|11174|19233|70|18|1|moderate
59982|11058|12521|23|46|4|expensive
69897|11273|9519|23|54|39|cheap
60986|9225|16153|25|95|31|supercheap 
26094|11158|12669|96|95|10|cheap
44105|11498|18496|46|95|26|moderate
53418|9720|18415|34|20|32|moderate
52812|6929|5696|70|73|49|supercheap 
61024|11706|5246|91|73|26|supercheap 
77432|14026|16719|77|97|42|moderate
96452|8430|9295|26|73|15|cheap
61948|11450|6680|19|73|15|supercheap 
32132|19066|65|83|73|1|supercheap 
26082|8621|3412|64|98|46|supercheap 
72090|11774|7941|99|73|33|outrageous
20542|9230|3412|64|34|43|cheap
77044|9211|1176|16|61|9|cheap
18835|6164|2481|52|73|30|supercheap 
21908|7519|15723|74|34|28|outrageous
22963|7519|8397|83|65|23|supercheap 
12878|13012|8744|74|27|30|supercheap 
68121|12968|6440|99|45|22|supercheap 
94727|9732|5746|60|41|4|supercheap 
60689|9876|19444|49|43|18|supercheap 
23374|8327|8397|12|73|8|supercheap 
19532|6803|8260|84|55|37|supercheap 
59022|11483|16719|69|5|44|supercheap 
45005|9809|10880|76|73|15|supercheap 
93380|11883|4288|72|73|38|supercheap 
24211|7336|16589|78|7|38|supercheap 
14429|8225|7251|26|35|35|expensive
96610|7856|11193|33|73|15|expensive
78322|9774|18471|85|73|15|supercheap 
6025|11171|16719|35|73|36|expensive
97334|9002|1328|21|73|29|supercheap 
19218|13846|1083|51|83|9|supercheap 
31063|12059|6885|96|73|22|cheap
88446|12511|8397|24|6|13|expensive
15072|9892|8397|3|73|20|supercheap 
12921|12507|9989|5|73|20|supercheap 
91075|11712|6967|27|73|34|supercheap 
53563|10562|8397|50|84|21|supercheap 
79243|9276|19605|19|73|49|cheap
78969|10019|1082|52|73|27|cheap
90112|12839|8536|47|73|42|supercheap 
90133|8524|1235|31|73|1|supercheap 
99911|7190|3777|72|73|16|supercheap 
14241|11265|12801|68|73|22|supercheap 
70770|5794|19593|4|48|38|cheap
35331|9290|5696|1|73|4|supercheap 
55831|11445|1826|43|27|27|cheap
80576|8211|11356|54|73|24|cheap
73112|13137|19445|71|73|36|moderate
90811|11850|5746|81|73|24|expensive
69114|12853|8397|7|73|46|supercheap 
3511|7344|5746|36|73|49|cheap
49613|13325|6202|91|16|45|supercheap 
65513|13090|8397|92|73|1|cheap
29093|9562|2860|92|73|21|cheap
73174|11585|8397|49|73|16|cheap
40615|11651|6390|86|73|8|supercheap 
11576|11466|16566|48|1|32|cheap
6355|9914|4032|67|54|22|outrageous
42723|9037|7475|59|96|26|supercheap 
42155|11048|607|95|73|16|supercheap 
60129|9551|9459|91|32|31|supercheap 
68866|11402|16509|38|73|26|cheap
45226|10846|12236|36|73|48|supercheap 
90268|9434|1785|19|73|4|supercheap 
10702|11727|18914|99|73|46|cheap
65767|8404|8397|50|73|36|supercheap 
44678|10672|19859|73|73|31|expensive
6029|8491|5429|8|92|40|supercheap 
73835|15639|5696|43|3|47|supercheap 
98802|9501|14396|57|73|20|supercheap 
32542|7033|5345|23|16|18|supercheap 
68157|9195|8397|59|34|4|moderate
29914|10094|8858|53|73|5|supercheap 
3488|11485|8397|44|73|47|supercheap 
47466|11306|16868|85|6|24|supercheap 
11255|8600|5746|79|73|30|supercheap 
5266|11700|18449|1|73|9|expensive
32774|6660|5746|65|73|21|cheap
52973|9523|652|88|73|25|cheap
4390|10518|7079|51|73|23|expensive
42729|8065|233|31|73|43|supercheap 
47343|8443|1328|27|73|10|expensive
19190|7919|8397|34|73|7|supercheap 
36155|10876|16946|52|73|29|supercheap 
37190|10840|11312|97|73|45|supercheap 
93105|9398|11782|8|73|32|supercheap 
86948|8432|18324|63|2|44|moderate
35871|6532|1528|16|3|31|supercheap 
62267|10083|6646|17|73|7|supercheap 
39792|9690|5746|25|70|50|moderate
20420|10947|5746|89|73|2|cheap
2403|7783|5104|54|16|27|supercheap 
31183|12720|6885|37|41|49|supercheap 
80932|7725|16868|76|73|48|moderate
24997|10136|17518|6|73|9|expensive
37058|9623|2272|95|73|15|supercheap 
47109|10879|5746|71|97|26|supercheap 
60674|6878|5198|23|73|2|supercheap 
19209|11059|5663|18|73|12|cheap
40781|14933|17235|4|73|3|expensive
36035|9234|5054|11|50|13|supercheap 
39032|8353|4027|17|73|28|moderate
95099|8936|12301|52|73|5|expensive
61684|10090|8397|99|84|35|supercheap 
79907|12620|17152|79|50|8|supercheap 
26871|8016|10942|5|93|19|supercheap 
73730|13129|14616|14|73|6|supercheap 
16992|12786|8397|64|73|26|supercheap 
76925|9026|13526|30|16|21|supercheap 
93330|8177|17306|68|82|17|supercheap 
27944|8376|8977|70|73|10|moderate
38011|8905|1943|19|92|16|cheap
61717|8353|17569|54|73|44|supercheap 
73184|11244|12059|37|73|15|supercheap 
71547|10911|12935|6|73|6|moderate
52079|13003|15676|89|95|50|supercheap 
48966|11711|7747|42|29|4|cheap
98049|10905|16566|88|63|36|cheap
66014|11110|11032|11|64|6|supercheap 
53977|4093|8397|49|73|16|supercheap 
53700|10674|5746|4|73|14|expensive
53627|8154|17880|7|73|18|supercheap 
52478|6215|8397|92|16|7|outrageous
94588|10391|12452|18|73|3|supercheap 
20730|10148|8397|2|73|36|supercheap 
42459|10220|4973|100|73|21|outrageous
78034|9958|19445|96|28|23|cheap
30042|11669|8397|47|92|9|supercheap 
89227|11547|5746|6|73|49|outrageous
76700|10578|9991|32|73|33|supercheap 
75917|12417|12789|73|73|8|moderate
49450|19015|1864|34|73|44|supercheap 
52220|10931|14366|77|50|33|supercheap 
79864|8498|13316|74|73|49|supercheap 
13625|6893|5746|39|44|8|supercheap 
73621|11337|1225|91|73|33|supercheap 
44704|13718|8397|62|73|12|supercheap 
69579|14226|18933|31|26|20|expensive
70648|9130|14689|60|98|30|cheap
9000|8539|16719|81|73|9|supercheap 
20843|10151|16136|65|73|17|supercheap 
47220|12168|8397|41|95|12|cheap
25186|10546|8397|1|73|23|expensive
56785|8185|9459|98|73|42|supercheap 
62475|8574|1172|13|79|5|supercheap 
3470|6203|19305|50|73|42|supercheap 
81501|10257|10526|98|38|29|supercheap 
9756|9198|3956|16|32|33|supercheap 
3083|12225|7343|57|73|37|moderate
46171|7732|5696|99|73|38|moderate
78158|8467|18415|32|49|6|supercheap 
33254|6851|5746|95|16|36|supercheap 
27525|4641|5746|5|73|32|supercheap 
68282|8015|8397|5|79|12|supercheap 
76506|11592|5740|13|79|43|cheap
96259|11203|18183|93|73|36|moderate
21632|8813|19859|47|73|30|supercheap 
54158|11644|5696|29|48|3|moderate
78784|11642|8397|65|73|33|supercheap 
51386|10694|8397|99|73|41|supercheap 
68513|6864|6326|82|31|40|supercheap 
38638|7548|8397|97|95|44|supercheap 
3647|10927|8397|95|73|37|supercheap 
63774|1496|8397|44|98|30|supercheap 
9519|11847|8397|54|73|29|supercheap 
76041|9243|5491|11|73|7|expensive
44336|9682|8397|49|73|34|supercheap 
43933|3109|10458|75|86|50|supercheap 
77356|7507|3412|21|95|1|supercheap 
17950|7498|5746|75|31|23|supercheap 
20976|10041|5356|61|73|44|expensive
22422|8905|6291|17|73|15|cheap
78803|43|5912|87|73|37|cheap
78873|10932|6858|32|73|42|supercheap 
58945|14121|5746|20|73|32|expensive
14846|11739|8397|9|16|42|supercheap 
34129|16033|16868|50|95|46|cheap
50984|12368|15734|72|73|40|cheap
64317|12331|18180|12|73|18|supercheap 
39826|8178|13942|7|59|25|outrageous
18400|6226|6865|48|29|34|supercheap 
41905|8314|1693|78|97|50|expensive
82927|11502|12802|68|73|16|supercheap 
29499|8854|6010|18|95|38|outrageous
58409|8557|5713|49|73|7|expensive
36074|13479|4973|28|39|32|supercheap 
14364|9325|8397|95|63|14|supercheap 
14138|10715|4450|82|22|23|supercheap 
84773|10954|12935|26|70|9|cheap
51956|9398|8397|15|73|30|supercheap 
93711|6684|4013|31|73|34|outrageous
18782|9809|5746|15|73|2|supercheap 
95844|12825|17880|99|73|22|supercheap 
54583|9119|8397|82|35|37|cheap
32106|9546|14222|63|95|4|supercheap 
27551|9797|16868|52|73|43|supercheap 
20229|12173|16868|56|73|44|cheap
87164|10327|8397|13|16|34|expensive
95059|8402|13304|53|92|34|cheap
43305|6466|5746|49|61|35|expensive
37441|9565|100|81|92|2|expensive
29826|10654|16868|32|73|31|cheap
848|11229|9377|90|8|35|cheap
67520|8227|8397|7|92|10|outrageous
11124|7460|17690|9|73|19|cheap
71313|10719|13072|13|36|23|moderate
80917|10779|8397|89|73|17|cheap
95948|12839|8038|66|9|49|outrageous
98813|6765|1387|17|73|38|cheap

Vagrant.configure("2") do |config|
  config.vm.box = "centos7"  #box名称
  config.vm.hostname = "centos7"  #win10系统下的主机名
  config.vm.synced_folder ".", "d:/dev/centos7",type:"virtualbox"  #开发目录对应dev/CentOS7
  config.vm.provider "virtualbox" do |vb|
  vb.memory = "1024"        #定义分配内存大小
  vb.name = "centos7"  #virtualbox下显示的虚拟主机名
  end
  #set auto_update to false, ifyou do NOT want to check the current
  #additions version when booting this machine
  config.vbguest.auto_update = false
  #do NOT download the iso file from a webserver
  config.vbguest.no_remote = true
end